0930 14532.36 5575524 9604416325.47
0931 14573.12 25229738 48099174857.04
0932 14524.65 39073763 74400943898.59
0933 14519.38 49643966 94738476021.79
0934 14479.95 59883662 114000252473.34
0935 14444.10 69535073 133321556317.23
0936 14493.76 79649605 151945744857.02
0937 14521.86 87855145 167637546111.47
0938 14541.48 94901504 181463504501.65
0939 14474.16 101964875 195365056874.34
0940 14449.55 110579039 211927170898.25
0941 14393.50 120069792 229714246750.48
0942 14395.43 128646967 246371339713.69
0943 14433.86 136455943 260661879559.06
0944 14452.96 142687920 272577176011.68
0945 14465.56 147897097 282596109143.21
0946 14434.37 153507110 292782923183.55
0947 14454.06 158829874 303160634255.05
0948 14423.08 164113888 313247376208.75
0949 14427.21 169366069 323085666511.45
0950 14467.37 174722996 333782651333.15
0951 14460.53 180236543 343590799788.39
0952 14499.68 185124236 353434987514.96
0953 14541.71 189821028 363281285602.52
0954 14572.71 193904149 373040321399.84
0955 14582.88 197764919 382999701246.48
0956 14561.58 202273265 392617743432.10
0957 14568.94 205939033 400444130623.58
0958 14566.92 209244017 407727244755.48
0959 14578.89 211986954 414091036113.24
1000 14553.39 215156655 420785705777.54
1001 14532.19 218898578 428383038354.84
1002 14543.01 222202808 435658490387.51
1003 14534.26 225196395 442352424105.46
1004 14553.98 227832604 448543112650.59
1005 14569.47 231246446 455336350753.30
1006 14570.12 234190143 461344882901.58
1007 14531.08 237681093 468578993284.41
1008 14547.46 240787079 475482893606.83
1009 14549.92 243609593 481299892317.95
1010 14534.28 246464133 487163349805.53
1011 14527.08 250194005 493983458208.42
1012 14551.76 253096294 500611450049.16
1013 14558.53 255571768 506092141989.65
1014 14578.37 258168616 512138205734.19
1015 14605.45 261221036 518382287998.59
1016 14604.42 264060294 524645223193.83
1017 14621.69 266212894 530058142196.00
1018 14631.33 269103271 536343374018.83
1019 14655.25 271947315 542476428792.22
1020 14676.06 274881125 548532239920.99
1021 14681.66 278088929 555744856429.83
1022 14694.14 280760104 562741076680.39
1023 14674.82 283274841 569078985862.09
1024 14642.74 285916327 575074241267.29
1025 14640.29 288507692 581246730906.63
1026 14604.09 290917524 586932307439.06
1027 14600.99 293584816 593183384335.21
1028 14607.86 295762254 598203164200.77
1029 14587.82 297695009 602594135900.34
1030 14612.31 299492962 607120997572.73
1031 14640.22 301521197 611463738328.45
1032 14641.97 303396456 615712977789.20
1033 14650.56 305451434 620247000869.20
1034 14626.69 307216666 624270599475.00
1035 14594.04 309355484 628815988985.38
1036 14564.35 311628679 633897312908.67
1037 14564.14 313828559 639137740278.16
1038 14546.72 315828203 643484097251.36
1039 14579.25 318126849 648430913053.22
1040 14574.07 320045897 652532205436.66
1041 14581.57 321761131 656086689665.90
1042 14587.48 323406788 659605351337.66
1043 14570.75 325241910 663695240133.67
1044 14553.53 327050991 667394215518.15
1045 14551.37 328806736 671439569736.88
1046 14557.41 330622859 675363146113.36
1047 14526.39 332758962 679663156791.96
1048 14498.94 335611993 685801632384.62
1049 14490.98 338252725 692039568818.40
1050 14486.27 340564099 697647186511.66
1051 14474.81 342941759 702935417318.75
1052 14495.85 345572423 709068483683.62
1053 14513.30 347678763 713666926809.88
1054 14537.42 349794708 717632777493.37
1055 14508.34 351795618 721788909371.68
1056 14517.69 353526429 725502767002.28
1057 14483.14 355523455 729901458441.40
1058 14492.04 357516001 734922555904.47
1059 14475.92 359274340 738898467963.82
1100 14469.51 360949193 743568537431.31
1101 14500.06 363062109 748216726693.16
1102 14487.96 364662328 751452991972.78
1103 14466.59 366408479 755023813235.89
1104 14469.11 368172532 758818549652.23
1105 14468.17 369767588 762068494988.00
1106 14461.46 371139374 765131178621.48
1107 14477.46 373046573 769062944430.01
1108 14426.99 375237888 774474548809.80
1109 14422.47 377495884 780207943654.85
1110 14421.00 379357583 784983925400.74
1111 14411.63 381300457 789105170621.11
1112 14397.98 383287912 793072951268.52
1113 14375.53 385731287 797981735100.63
1114 14358.48 388823888 804292065971.63
1115 14391.80 391638431 811115040832.31
1116 14384.16 393517398 815361245521.51
1117 14413.35 395356900 819674413362.12
1118 14436.37 397093235 823249361546.87
1119 14421.87 398562714 826591693728.28
1120 14395.93 400067856 829927106735.34
1121 14375.34 401514204 832828163116.84
1122 14360.16 403207014 836255441941.73
1123 14339.78 404862619 840030138543.48
1124 14372.48 406919992 844617465696.03
1125 14364.12 408480191 847656036666.44
1126 14379.96 409954263 850988152363.39
1127 14405.55 411367542 853957885328.53
1128 14425.87 412776266 857086126056.90
1129 14441.07 414138265 859981069048.16
1130 14461.20 415836128 863250612450.63
1300 14461.20 415836128 863250612450.63
1301 14638.99 424358631 880995199986.58
1302 14673.81 427535881 890780233479.36
1303 14658.99 430430374 898726201166.66
1304 14687.24 433004869 906976710910.24
1305 14725.87 436234323 915847758515.10
1306 14740.04 439009924 923895554987.10
1307 14729.71 441462294 930804327233.83
1308 14756.48 444179660 937842999138.84
1309 14775.99 448297806 946033536572.60
1310 14796.64 451332386 953394590361.21
1311 14812.21 454838118 961101934506.46
1312 14819.26 457805112 968568246770.59
1313 14818.75 460849078 976005043219.42
1314 14770.36 463925780 983222081049.03
1315 14773.72 466310645 989631120952.33
1316 14794.57 468343490 994840891102.91
1317 14745.74 470701294 1000376563341.35
1318 14712.94 472816611 1005088884080.31
1319 14738.54 474714632 1010172248563.14
1320 14715.44 476504570 1014572634776.24
1321 14762.80 478366456 1019239146536.69
1322 14778.56 479802411 1023010953236.89
1323 14780.70 481419797 1027058055091.24
1324 14803.42 483025850 1031542730760.60
1325 14800.37 484908110 1036639705880.18
1326 14775.52 486992369 1041257855293.49
1327 14810.62 489052687 1045934610473.38
1328 14825.87 491681710 1051660302825.80
1329 14835.92 494316252 1057618404971.52
1330 14835.07 496442818 1063005702571.58
1331 14863.31 499104595 1069160331136.95
1332 14891.45 502494747 1076993188527.24
1333 14890.94 505586067 1084363388195.91
1334 14864.79 508621625 1091022322175.34
1335 14844.20 510947551 1096321803322.87
1336 14859.32 512797522 1100764776698.92
1337 14825.96 514852275 1105582088575.87
1338 14851.18 516503319 1109970371168.27
1339 14840.52 518032633 1113956908792.23
1340 14830.05 520216285 1118793018081.19
1341 14791.70 522320981 1123671582944.06
1342 14787.60 523891294 1127877094428.37
1343 14779.67 525717516 1132052568955.17
1344 14796.93 527409254 1136268593234.46
1345 14817.61 528605432 1139402882012.10
1346 14801.72 530160390 1142977965352.89
1347 14792.84 531618702 1146164645110.10
1348 14775.92 533189630 1149579518765.86
1349 14755.02 534784700 1153205152492.98
1350 14777.00 536383076 1157100976468.69
1351 14761.56 537738014 1160424417168.17
1352 14735.49 539388194 1163773871504.78
1353 14718.21 541072765 1167448671318.67
1354 14707.47 542803187 1171099953774.54
1355 14739.79 544430213 1175069188176.40
1356 14747.52 545925037 1178828594666.96
1357 14748.11 547318179 1181915047455.01
1358 14778.17 548794067 1185011034933.93
1359 14782.23 550178907 1188242859648.55
1400 14759.87 551547045 1191304629782.82
1401 14756.62 552912264 1194255481955.71
1402 14784.07 554604458 1197315046052.06
1403 14773.63 556340581 1200701206668.15
1404 14769.52 557630719 1203050875303.93
1405 14791.63 559605504 1206085915145.10
1406 14795.11 561168033 1209123772971.34
1407 14823.38 562623051 1212248161332.85
1408 14819.07 564232844 1215640984138.57
1409 14810.05 565569914 1218270035317.11
1410 14796.32 567031382 1221122304182.58
1411 14806.09 568480233 1223724164021.11
1412 14814.61 569909852 1226514936866.77
1413 14810.43 571228310 1229322438766.12
1414 14834.16 572507105 1232217578444.92
1415 14844.11 574413685 1235356472346.35
1416 14828.99 576059685 1238446431658.79
1417 14823.10 577836394 1241777385250.91
1418 14819.86 579194835 1244497123322.19
1419 14830.96 580803994 1247200484796.98
1420 14815.25 582467785 1250276643365.30
1421 14795.06 584542750 1253975006404.17
1422 14799.25 585878567 1256738434590.74
1423 14785.41 587245199 1259647405103.85
1424 14786.92 588510991 1262348683215.45
1425 14799.67 590045727 1265048579220.23
1426 14802.69 591585260 1267864447286.52
1427 14813.25 593157227 1270784228916.98
1428 14820.67 594975109 1273670694388.95
1429 14821.72 596688754 1276471538914.30
1430 14822.93 598167456 1279193103807.92
1431 14842.73 600172187 1282978738073.23
1432 14838.50 602210660 1286760709167.90
1433 14862.68 604012168 1290313873285.58
1434 14870.81 606345186 1295024252566.03
1435 14879.25 608178195 1298951147343.20
1436 14874.00 610208768 1303166953902.04
1437 14884.64 611908702 1306937557845.51
1438 14884.14 613598595 1310738359169.15
1439 14894.67 615472749 1314885155135.33
1440 14900.65 617300128 1318794546320.85
1441 14898.74 619527374 1323698123857.33
1442 14900.57 621665995 1328226308684.64
1443 14885.85 624420381 1333344125867.73
1444 14871.78 627152178 1338303895088.46
1445 14881.41 629202179 1342471502698.09
1446 14888.65 631544980 1347120529244.36
1447 14890.98 633868263 1351970241212.32
1448 14893.29 636009079 1356682546724.76
1449 14898.52 638382951 1361658828229.63
1450 14905.97 641361902 1367607174700.61
1451 14897.67 644364752 1373843660137.30
1452 14900.23 647279373 1379861037480.91
1453 14905.25 650337502 1385831811776.96
1454 14904.45 653856170 1392385542611.90
1455 14906.90 657626671 1399537882746.17
1456 14910.23 662241029 1408032026111.89
1457 14913.29 667302878 1417648279214.04
1458 14914.01 667601629 1418226819056.79
1459 14914.01 667603527 1418236853262.24
1500 14924.87 674840592 1432171610040.82
