0930 2909.93 446245 1723370164.00
0931 2914.13 1837382 6795674011.00
0932 2907.90 2939981 11489253403.00
0933 2909.30 3632430 14811473901.00
0934 2907.32 4332227 17757210202.00
0935 2903.45 5025161 20775095628.00
0936 2902.84 5853190 24403599141.00
0937 2903.77 6644939 27588541878.00
0938 2906.85 7245449 29996371042.00
0939 2904.39 7748928 32319538309.00
0940 2904.05 8361235 34949941169.00
0941 2901.13 8992145 37711679649.00
0942 2899.76 9530819 40262805346.00
0943 2901.93 10064577 42336140267.00
0944 2904.37 10513332 44242710003.00
0945 2900.62 10880099 45848314660.00
0946 2899.18 11413186 47822038778.00
0947 2898.09 11867940 49790781066.00
0948 2897.59 12270976 51563270775.00
0949 2898.76 12589901 53054604707.00
0950 2897.34 13003076 54862083226.00
0951 2896.29 13358539 56723616259.00
0952 2900.24 13733822 58184069238.00
0953 2904.44 14123575 59853364660.00
0954 2906.51 14689727 62102593307.00
0955 2906.45 15277645 63901460550.00
0956 2903.55 15727820 65527787303.00
0957 2905.71 15976988 66640376584.00
0958 2904.48 16255922 67729191247.00
0959 2905.60 16454536 68641859654.00
1000 2903.62 16655135 69510302638.00
1001 2901.61 16916670 70620285998.00
1002 2904.23 17142289 71673493963.00
1003 2904.71 17370704 72553367234.00
1004 2908.92 17580594 73383183039.00
1005 2909.03 17753443 74283011339.00
1006 2909.26 17994372 75189320637.00
1007 2906.76 18265713 76240875497.00
1008 2907.61 18490344 77404098500.00
1009 2909.57 18786997 78491646792.00
1010 2908.26 19042407 79449973535.00
1011 2907.38 19283667 80491828871.00
1012 2908.49 19495701 81387207861.00
1013 2907.29 19642155 82164397918.00
1014 2908.93 19841151 82876973277.00
1015 2910.15 20088070 83683778515.00
1016 2909.14 20286144 84502265752.00
1017 2909.75 20513550 85175544073.00
1018 2910.50 20745443 85951604714.00
1019 2913.10 21006299 87018321118.00
1020 2915.03 21239955 88095734566.00
1021 2912.86 21579181 89372625432.00
1022 2913.00 21816552 90610708071.00
1023 2914.82 22126952 91786050106.00
1024 2914.48 22391650 92857183928.00
1025 2914.51 22681859 93876883932.00
1026 2912.39 22861346 94736209542.00
1027 2913.78 23088358 95782870343.00
1028 2912.44 23234941 96502091241.00
1029 2911.20 23378531 97214151106.00
1030 2912.38 23591419 97970159347.00
1031 2916.09 23739246 98606245961.00
1032 2915.23 23929802 99251821900.00
1033 2914.06 24104219 99989534936.00
1034 2912.83 24264710 100569024830.00
1035 2910.81 24447791 101298984062.00
1036 2908.74 24634992 102045146701.00
1037 2908.35 24810094 102781999123.00
1038 2907.56 24984983 103543724743.00
1039 2908.81 25178110 104478505350.00
1040 2909.02 25356309 105229667723.00
1041 2910.24 25545164 105976748546.00
1042 2912.31 25730025 106634691486.00
1043 2910.81 25923654 107364389627.00
1044 2908.14 26068417 108119197385.00
1045 2906.59 26210955 108817934432.00
1046 2907.21 26367383 109444924760.00
1047 2904.73 26559478 110505076551.00
1048 2901.44 26782939 111781867612.00
1049 2901.66 27109426 113305454490.00
1050 2900.83 27363952 114450145996.00
1051 2898.64 27621940 115543995552.00
1052 2899.90 27858873 116756731880.00
1053 2901.87 28066225 117654068522.00
1054 2903.37 28264344 118468438481.00
1055 2899.88 28483547 119412122387.00
1056 2900.09 28707704 120478779294.00
1057 2895.58 28899704 121751222713.00
1058 2896.35 29217293 123364870478.00
1059 2896.28 29433693 124424866682.00
1100 2894.73 29710669 125609893583.00
1101 2899.93 29997617 126845271774.00
1102 2897.69 30272612 127630948095.00
1103 2895.29 30515659 128505535541.00
1104 2895.19 30682488 129317029607.00
1105 2893.99 30853310 130046385080.00
1106 2891.89 31039245 130891135211.00
1107 2892.86 31328260 131884400205.00
1108 2887.73 31619164 133281461921.00
1109 2886.57 31934791 134842226643.00
1110 2886.31 32200992 136035803625.00
1111 2884.18 32571537 137229961160.00
1112 2884.11 32853671 138202848366.00
1113 2881.87 33116481 139134919735.00
1114 2879.16 33414014 140677422362.00
1115 2882.47 33703852 142188188748.00
1116 2881.33 33933312 143156856071.00
1117 2885.15 34109771 144038676107.00
1118 2885.99 34319386 144815997345.00
1119 2885.23 34486848 145557391459.00
1120 2882.85 34703411 146368440241.00
1121 2880.34 34879474 146994619175.00
1122 2878.05 35080140 147699975724.00
1123 2875.87 35263866 148522605219.00
1124 2878.62 35493447 149538226178.00
1125 2877.41 35702847 150202012223.00
1126 2878.14 35853441 150878702052.00
1127 2882.00 36038909 151542394234.00
1128 2882.70 36248514 152269854280.00
1129 2884.04 36400739 152876266014.00
1130 2888.71 36522726 153533979971.00
1300 2888.71 36522726 153533979971.00
1301 2908.87 37296574 156728958319.00
1302 2909.55 37634485 158618444106.00
1303 2906.61 38025778 160168262916.00
1304 2910.72 38360521 161505848468.00
1305 2914.17 38674291 163076771517.00
1306 2914.46 39039295 164597254357.00
1307 2914.70 39337150 165845019848.00
1308 2919.36 39583485 166937915557.00
1309 2921.18 39883339 168235475381.00
1310 2923.20 40111798 169426693360.00
1311 2923.81 40398287 170743702402.00
1312 2925.05 40630673 171812465207.00
1313 2924.80 40863141 172799244397.00
1314 2918.92 41120672 173994614193.00
1315 2918.49 41300352 174918586174.00
1316 2919.21 41478180 175704659365.00
1317 2915.06 41706477 176650129763.00
1318 2911.64 41942197 177319124889.00
1319 2915.00 42137854 178146511788.00
1320 2915.36 42433742 178896662914.00
1321 2917.99 42631581 179568548077.00
1322 2919.64 42805175 180146261474.00
1323 2921.71 43011797 180871796753.00
1324 2924.09 43174121 181590334959.00
1325 2922.99 43410731 182441615353.00
1326 2920.19 43610857 183231083333.00
1327 2923.61 43773273 184089183552.00
1328 2923.38 43962790 185148441193.00
1329 2925.12 44179788 186120415436.00
1330 2924.74 44381687 187204726929.00
1331 2926.04 44707018 188470682623.00
1332 2931.18 44963387 189900167893.00
1333 2932.77 45242746 191323880505.00
1334 2929.02 45548049 192701925109.00
1335 2926.43 45768206 193635154532.00
1336 2927.77 45954580 194428584305.00
1337 2924.29 46130608 195233591274.00
1338 2926.07 46278540 195855176861.00
1339 2923.90 46430723 196505493407.00
1340 2924.88 46793704 197513230116.00
1341 2923.15 47108335 198466673708.00
1342 2922.84 47365568 199389128103.00
1343 2922.34 47610162 200208656956.00
1344 2923.45 47909437 201061553790.00
1345 2925.13 48195662 201683654226.00
1346 2923.35 48379536 202350721330.00
1347 2924.11 48590458 202961371859.00
1348 2924.02 48873609 203738171114.00
1349 2920.28 49073817 204408215648.00
1350 2923.58 49450492 205315602372.00
1351 2923.48 49745584 206124312475.00
1352 2919.83 49926447 206763370711.00
1353 2917.84 50076539 207271182087.00
1354 2917.18 50320782 207968440209.00
1355 2920.70 50610553 208759095678.00
1356 2921.61 50835153 209466035446.00
1357 2922.12 51017227 210059867809.00
1358 2927.30 51266847 210750754977.00
1359 2927.21 51584086 211646349658.00
1400 2924.85 51774772 212245562946.00
1401 2923.77 52027101 212896031415.00
1402 2929.65 52338916 213749444367.00
1403 2928.52 52617925 214501890192.00
1404 2928.56 52862121 215226941692.00
1405 2929.31 53104633 215893499225.00
1406 2930.19 53354895 216578185520.00
1407 2933.36 53520535 217083668291.00
1408 2932.93 53774189 217898690874.00
1409 2931.50 53991576 218522117210.00
1410 2929.98 54190633 219109504539.00
1411 2932.46 54371986 219675879635.00
1412 2932.68 54521322 220258679845.00
1413 2932.56 54693976 220812840178.00
1414 2934.59 54916757 221466338276.00
1415 2937.36 55168970 222136772670.00
1416 2936.67 55426906 222805367997.00
1417 2937.11 55971115 223856533147.00
1418 2937.29 56404443 224724931933.00
1419 2939.26 56662213 225390656992.00
1420 2937.48 56872509 226024435632.00
1421 2934.36 57091652 226715158251.00
1422 2935.50 57261755 227252778583.00
1423 2932.98 57492494 227878986682.00
1424 2933.84 57705146 228618408708.00
1425 2935.07 57850435 229108490477.00
1426 2935.83 58055981 229628062459.00
1427 2936.52 58229396 230248686239.00
1428 2936.39 58391692 230826424499.00
1429 2935.88 58578728 231406764049.00
1430 2937.36 58819023 232001168887.00
1431 2940.64 59047918 232674201818.00
1432 2940.98 59267681 233593886218.00
1433 2944.31 59493064 234377842449.00
1434 2944.55 59734960 235400168241.00
1435 2946.11 59924764 236219575791.00
1436 2945.16 60157937 237119611251.00
1437 2947.31 60342220 237898238616.00
1438 2947.71 60592191 238750882209.00
1439 2948.57 60828731 239559947709.00
1440 2949.52 61047893 240367595848.00
1441 2948.05 61305990 241285138528.00
1442 2948.71 61534320 242183502214.00
1443 2945.85 61825861 243053900479.00
1444 2943.41 62116134 243970627174.00
1445 2944.72 62329118 244773248185.00
1446 2946.78 62570504 245642112908.00
1447 2946.41 62837376 246480485912.00
1448 2946.50 63077045 247336842854.00
1449 2947.51 63336622 248295424923.00
1450 2949.09 63659902 249327073709.00
1451 2947.69 63958800 250415188612.00
1452 2948.13 64265194 251465302273.00
1453 2949.77 64591125 252540866824.00
1454 2951.20 64956683 253799954015.00
1455 2952.59 65320321 255066402536.00
1456 2953.27 65743594 256546787481.00
1457 2954.20 66225602 258040783622.00
1458 2954.45 66247377 258114758043.00
1459 2954.45 66247377 258114758043.00
1500 2955.55 66998208 260712822999.00
