0930 3729.61 1014130 3320606711.23
0931 3749.61 6046069 19238385642.24
0932 3732.54 9849043 30334927810.90
0933 3730.22 12990309 39496683715.48
0934 3716.62 15991407 47537604891.78
0935 3704.94 18577758 55320900242.44
0936 3722.63 21305549 62912800843.30
0937 3733.38 23584544 69291318596.60
0938 3737.94 25559986 74955523112.40
0939 3714.21 27752617 81017426985.55
0940 3708.78 30339778 87609828380.19
0941 3690.95 33176331 95165498109.80
0942 3696.17 35821764 102086747519.79
0943 3709.16 38218875 108370263250.14
0944 3715.70 39936388 113195197661.52
0945 3716.97 41572139 117734299209.64
0946 3703.50 43193911 122218305283.21
0947 3711.08 44803672 126885963772.71
0948 3699.11 46477446 131494088202.17
0949 3701.20 48001917 135747638022.24
0950 3716.69 49676808 140838195501.72
0951 3717.66 51485516 145472200553.27
0952 3731.57 53090314 150228973580.84
0953 3743.52 54497592 154672856220.82
0954 3754.40 55748793 159298410626.58
0955 3759.98 56917715 164152804992.30
0956 3749.07 58138061 168350204331.07
0957 3750.57 59219586 171925954341.89
0958 3750.89 60191606 175416236999.19
0959 3754.07 61016124 178488772913.95
1000 3746.39 61896898 181383090742.68
1001 3742.10 62930407 184503273473.46
1002 3746.33 63740391 187323687516.80
1003 3743.46 64601857 190286266504.57
1004 3752.87 65323055 193128606425.64
1005 3756.54 66296640 196314808842.70
1006 3756.97 67152506 199104010281.30
1007 3745.65 68223989 202484887639.94
1008 3750.06 69136596 205521681850.38
1009 3749.00 69927235 208355543259.14
1010 3744.76 70825084 211155215502.80
1011 3740.99 71953211 214177375044.05
1012 3749.33 72861952 217310044256.35
1013 3751.30 73548480 219698920039.14
1014 3755.37 74244882 222621352299.19
1015 3762.98 75003903 225408954709.04
1016 3762.23 75729771 228325573476.22
1017 3768.14 76346691 231122997331.73
1018 3769.67 77141396 234087270498.92
1019 3776.95 78014629 237032340986.42
1020 3784.77 78867447 239886193495.91
1021 3789.62 79791702 243224293269.25
1022 3795.22 80626931 246809268758.98
1023 3786.07 81359350 249748523618.53
1024 3773.70 82092772 252434217549.81
1025 3774.25 82820909 255300388597.56
1026 3762.30 83551127 257939728740.53
1027 3761.79 84381529 260847244306.60
1028 3764.87 85040161 263126162266.13
1029 3756.68 85677796 265364918443.03
1030 3764.65 86219126 267404808463.13
1031 3773.54 86806034 269420367092.69
1032 3775.41 87330005 271344230008.35
1033 3776.16 87845725 273315851357.02
1034 3765.91 88331781 275131747108.11
1035 3755.74 88955633 277227378499.80
1036 3745.71 89568003 279403744393.94
1037 3745.79 90198481 281830848878.33
1038 3739.90 90815152 283807454901.13
1039 3752.73 91450243 285975542104.64
1040 3748.80 91983389 287826900634.24
1041 3752.27 92457507 289307460759.15
1042 3754.18 92864892 290724093111.43
1043 3747.62 93436553 292635138547.69
1044 3742.42 94042918 294396402096.89
1045 3742.33 94555957 296105727673.79
1046 3744.70 95103955 297893029415.61
1047 3734.04 95731555 299857636575.58
1048 3724.80 96664656 302665699889.95
1049 3721.71 97487896 305375324718.56
1050 3719.66 98214290 308015549746.20
1051 3716.48 98966371 310491005946.86
1052 3726.63 99771508 313189575562.01
1053 3730.69 100387917 315350906130.78
1054 3736.58 100973000 317078495851.22
1055 3725.96 101494706 318844457241.46
1056 3729.02 101955523 320465902598.23
1057 3717.87 102524907 322415895886.71
1058 3719.91 103072459 324563569637.01
1059 3714.69 103576352 326296255571.64
1100 3712.60 104037834 328254024335.88
1101 3722.02 104583070 330207216759.26
1102 3718.13 105046962 331591341948.84
1103 3711.06 105568139 333231663004.66
1104 3712.42 106039357 334809654765.36
1105 3712.09 106521800 336353146377.98
1106 3711.28 106923855 337806432968.88
1107 3714.55 107419194 339462308676.73
1108 3697.63 108116382 342071061083.05
1109 3696.44 108702492 344494040052.93
1110 3698.17 109179713 346425162380.47
1111 3696.23 109690673 348202921746.22
1112 3692.07 110216644 349920984297.02
1113 3685.03 110958240 352238731250.54
1114 3680.95 111875887 355288219751.58
1115 3691.69 112643302 358047301954.24
1116 3688.52 113193410 359959272135.32
1117 3696.16 113742299 361998967887.31
1118 3703.66 114233341 363626299282.07
1119 3698.10 114698012 365197147958.60
1120 3690.77 115174997 366790846049.49
1121 3684.55 115594006 368071599810.13
1122 3679.83 116079276 369756632358.49
1123 3674.76 116621515 371606101616.21
1124 3685.65 117289815 373815565680.38
1125 3681.49 117719680 375199703812.76
1126 3686.77 118207826 376839544933.21
1127 3693.80 118665182 378281050424.37
1128 3702.79 119129958 379886461087.35
1129 3707.73 119535420 381260248921.95
1130 3712.74 119959147 382628854641.63
1300 3712.74 119959147 382628854641.63
1301 3771.10 122345973 391408436097.70
1302 3785.29 123352267 396743987229.67
1303 3779.06 124237567 400621729851.76
1304 3787.58 125103166 404284012928.02
1305 3800.03 126138747 408524507738.12
1306 3806.50 127019051 412337357614.83
1307 3800.18 127838348 415775078493.48
1308 3809.78 128809945 419479991327.78
1309 3816.76 130016027 423477913170.53
1310 3823.62 130962159 427111285202.17
1311 3830.46 132031264 430938841617.90
1312 3833.91 132935280 434944517576.96
1313 3834.46 133718806 438317915687.35
1314 3820.27 134610202 441939937410.11
1315 3821.73 135331227 445066271405.17
1316 3827.85 135972853 447733196321.44
1317 3811.01 136749366 450604595272.25
1318 3801.35 137321553 452787818959.77
1319 3808.42 137955561 455450685749.90
1320 3799.20 138494218 457631062528.77
1321 3816.66 139044761 459846907510.77
1322 3821.74 139533643 461873399572.30
1323 3821.38 140027084 463873111932.30
1324 3828.07 140505762 465893803031.26
1325 3826.56 141176159 468455872965.17
1326 3817.68 141729479 470611395509.16
1327 3829.87 142390135 472940739652.38
1328 3832.92 143043746 475515305749.44
1329 3834.17 143848462 478315551721.52
1330 3835.03 144486354 480862158555.66
1331 3844.49 145261933 483842150973.87
1332 3854.70 146173693 487532099403.07
1333 3852.53 147059370 491152094615.98
1334 3846.02 147966871 494352553835.94
1335 3840.39 148675169 496995210346.31
1336 3846.41 149237876 499179629443.94
1337 3834.64 149873201 501527929206.79
1338 3845.42 150387347 503825471514.20
1339 3843.24 150848709 505993608897.02
1340 3840.69 151487973 508593086051.45
1341 3824.56 152100859 510895704714.29
1342 3822.43 152582415 512950258941.85
1343 3818.96 153106255 514944807361.02
1344 3823.97 153654961 517092682825.90
1345 3833.15 154007859 518620002276.57
1346 3828.04 154554819 520483182577.11
1347 3823.38 154980666 521909111199.22
1348 3817.29 155433971 523565760838.25
1349 3809.09 155900740 525413397035.64
1350 3815.52 156338237 527275421274.32
1351 3810.61 156762650 528897375835.95
1352 3802.36 157314998 530514826975.56
1353 3796.45 157838968 532148314979.10
1354 3794.25 158308687 533792487564.74
1355 3805.41 158759293 535566482166.94
1356 3808.14 159191730 537307857582.14
1357 3807.38 159592645 538707934014.97
1358 3817.32 159948807 540039281486.49
1359 3817.04 160314963 541477724076.65
1400 3809.66 160712251 542861582674.67
1401 3810.34 161131054 544293231896.72
1402 3819.68 161565612 545679893876.10
1403 3815.19 162051678 547227948239.45
1404 3811.37 162360041 548245152093.95
1405 3817.89 162863184 549575569754.30
1406 3817.71 163267395 550838564013.76
1407 3827.83 163643912 552152031323.22
1408 3825.79 164059168 553664673031.61
1409 3823.51 164396104 554731255390.18
1410 3817.92 164811664 556045907398.41
1411 3820.88 165211943 557132732863.33
1412 3823.07 165598487 558348282481.13
1413 3821.59 165922266 559455412183.06
1414 3829.40 166267106 560675833550.31
1415 3832.43 166825297 562083501168.57
1416 3825.53 167217690 563384112191.59
1417 3823.26 167739686 564978083769.36
1418 3821.59 168100657 566180234907.44
1419 3825.16 168535320 567367852413.55
1420 3819.76 168993247 568806899921.36
1421 3813.01 169600298 570445992000.91
1422 3814.68 170009044 571758391207.10
1423 3810.01 170398025 573046324552.04
1424 3809.79 170767340 574176478723.64
1425 3813.00 171211685 575374428930.91
1426 3814.18 171687111 576765781703.33
1427 3818.51 172171017 578111755377.45
1428 3819.93 172683042 579408075182.32
1429 3820.27 173157325 580708392895.61
1430 3820.66 173540516 581915260962.65
1431 3828.62 174170912 583829447528.60
1432 3826.57 174766491 585607543274.25
1433 3834.43 175278755 587240632366.27
1434 3837.20 176011537 589465380302.94
1435 3840.00 176585925 591433967120.87
1436 3838.49 177210501 593371808054.69
1437 3841.64 177716793 595232539059.53
1438 3841.30 178215562 596950255172.17
1439 3845.38 178804945 598983210676.34
1440 3847.44 179358027 600883384837.28
1441 3847.26 180025339 603247446040.64
1442 3847.90 180612235 605245573833.40
1443 3844.10 181408859 607609002736.84
1444 3840.11 182169311 609842530561.37
1445 3841.93 182749075 611754379512.05
1446 3844.34 183419908 613928780105.55
1447 3844.92 184128167 616217038452.71
1448 3845.54 184817253 618578671030.06
1449 3847.56 185497530 620858363876.14
1450 3848.90 186392831 623674016913.61
1451 3846.26 187282771 626506973785.69
1452 3846.15 188152469 629326548937.24
1453 3846.76 189034680 632053631318.79
1454 3846.03 190053233 635000866377.10
1455 3847.23 191225489 638436892621.24
1456 3848.59 192515836 642068558319.86
1457 3849.70 194043423 646618969028.51
1458 3849.82 194122500 646863276298.17
1459 3849.82 194124381 646873308161.37
1500 3851.14 196146517 653269514605.69
